PSTAR: Stopping Powers and Range Tables for Protons

BONE, COMPACT (ICRU)                                                    

Kinetic   Electron. Nuclear   Total     CSDA      Projected 
Energy    Stp. Pow. Stp. Pow. Stp. Pow. Range     Range     
MeV       MeV cm2/g MeV cm2/g MeV cm2/g g/cm2     g/cm2     

3.000E+00 1.065E+02 6.903E-02 1.065E+02 1.655E-02 1.648E-02 
6.000E+00 6.272E+01 3.649E-02 6.276E+01 5.473E-02 5.456E-02 
9.000E+00 4.560E+01 2.505E-02 4.562E+01 1.116E-01 1.113E-01 
1.200E+01 3.626E+01 1.915E-02 3.628E+01 1.859E-01 1.854E-01 
1.500E+01 3.032E+01 1.554E-02 3.033E+01 2.768E-01 2.761E-01 
1.800E+01 2.618E+01 1.310E-02 2.619E+01 3.835E-01 3.826E-01 
2.100E+01 2.312E+01 1.133E-02 2.313E+01 5.057E-01 5.045E-01 
2.400E+01 2.076E+01 9.996E-03 2.077E+01 6.428E-01 6.413E-01 
2.700E+01 1.888E+01 8.946E-03 1.889E+01 7.944E-01 7.927E-01 
3.000E+01 1.735E+01 8.100E-03 1.736E+01 9.602E-01 9.582E-01 
3.300E+01 1.607E+01 7.403E-03 1.608E+01 1.140E+00 1.138E+00 
3.600E+01 1.499E+01 6.819E-03 1.499E+01 1.333E+00 1.331E+00 
3.900E+01 1.406E+01 6.322E-03 1.406E+01 1.540E+00 1.537E+00 
4.200E+01 1.325E+01 5.895E-03 1.326E+01 1.760E+00 1.756E+00 
4.500E+01 1.254E+01 5.522E-03 1.255E+01 1.993E+00 1.989E+00 
4.800E+01 1.192E+01 5.195E-03 1.192E+01 2.238E+00 2.233E+00 
5.100E+01 1.136E+01 4.905E-03 1.137E+01 2.496E+00 2.491E+00 
5.400E+01 1.086E+01 4.647E-03 1.087E+01 2.766E+00 2.760E+00 
5.700E+01 1.041E+01 4.415E-03 1.042E+01 3.048E+00 3.042E+00 
6.000E+01 1.000E+01 4.205E-03 1.001E+01 3.342E+00 3.335E+00 
6.300E+01 9.628E+00 4.015E-03 9.632E+00 3.647E+00 3.640E+00 
6.600E+01 9.287E+00 3.842E-03 9.291E+00 3.965E+00 3.957E+00 
6.900E+01 8.973E+00 3.683E-03 8.977E+00 4.293E+00 4.285E+00 
7.200E+01 8.684E+00 3.538E-03 8.687E+00 4.633E+00 4.624E+00 
7.500E+01 8.416E+00 3.403E-03 8.420E+00 4.984E+00 4.974E+00 
7.800E+01 8.168E+00 3.279E-03 8.171E+00 5.345E+00 5.335E+00 
8.100E+01 7.936E+00 3.164E-03 7.939E+00 5.718E+00 5.707E+00 
8.400E+01 7.720E+00 3.056E-03 7.724E+00 6.101E+00 6.090E+00 
8.700E+01 7.519E+00 2.956E-03 7.522E+00 6.495E+00 6.483E+00 
9.000E+01 7.329E+00 2.862E-03 7.332E+00 6.899E+00 6.886E+00 
9.300E+01 7.152E+00 2.775E-03 7.154E+00 7.313E+00 7.300E+00 
9.600E+01 6.984E+00 2.692E-03 6.987E+00 7.737E+00 7.723E+00 
9.900E+01 6.826E+00 2.615E-03 6.829E+00 8.172E+00 8.157E+00 
1.020E+02 6.677E+00 2.542E-03 6.680E+00 8.616E+00 8.601E+00 
1.050E+02 6.536E+00 2.473E-03 6.539E+00 9.070E+00 9.054E+00 
1.080E+02 6.403E+00 2.407E-03 6.405E+00 9.534E+00 9.517E+00 
1.110E+02 6.276E+00 2.346E-03 6.278E+00 1.001E+01 9.989E+00 
1.140E+02 6.155E+00 2.287E-03 6.157E+00 1.049E+01 1.047E+01 
1.170E+02 6.040E+00 2.231E-03 6.043E+00 1.098E+01 1.096E+01 
1.200E+02 5.931E+00 2.178E-03 5.933E+00 1.148E+01 1.146E+01 
1.230E+02 5.827E+00 2.128E-03 5.829E+00 1.199E+01 1.197E+01 
1.260E+02 5.727E+00 2.079E-03 5.729E+00 1.251E+01 1.249E+01 
1.290E+02 5.632E+00 2.033E-03 5.634E+00 1.304E+01 1.302E+01 
1.320E+02 5.541E+00 1.989E-03 5.543E+00 1.358E+01 1.355E+01 
1.350E+02 5.454E+00 1.947E-03 5.456E+00 1.412E+01 1.410E+01 
1.380E+02 5.370E+00 1.907E-03 5.372E+00 1.468E+01 1.465E+01 
1.410E+02 5.290E+00 1.869E-03 5.292E+00 1.524E+01 1.521E+01 
1.440E+02 5.213E+00 1.832E-03 5.215E+00 1.581E+01 1.578E+01 
1.470E+02 5.139E+00 1.796E-03 5.141E+00 1.639E+01 1.636E+01 
1.500E+02 5.068E+00 1.762E-03 5.070E+00 1.698E+01 1.695E+01 
1.530E+02 4.999E+00 1.729E-03 5.001E+00 1.757E+01 1.754E+01 
1.560E+02 4.933E+00 1.697E-03 4.935E+00 1.818E+01 1.815E+01 
1.590E+02 4.870E+00 1.667E-03 4.871E+00 1.879E+01 1.876E+01 
1.620E+02 4.808E+00 1.638E-03 4.810E+00 1.941E+01 1.938E+01 
1.650E+02 4.749E+00 1.609E-03 4.751E+00 2.004E+01 2.000E+01 
1.680E+02 4.692E+00 1.582E-03 4.693E+00 2.067E+01 2.064E+01 
1.710E+02 4.637E+00 1.556E-03 4.638E+00 2.131E+01 2.128E+01 
1.740E+02 4.583E+00 1.530E-03 4.585E+00 2.196E+01 2.193E+01 
1.770E+02 4.531E+00 1.505E-03 4.533E+00 2.262E+01 2.259E+01 
1.800E+02 4.481E+00 1.481E-03 4.483E+00 2.329E+01 2.325E+01 
1.830E+02 4.433E+00 1.458E-03 4.434E+00 2.396E+01 2.392E+01 
1.860E+02 4.386E+00 1.436E-03 4.387E+00 2.464E+01 2.460E+01 
1.890E+02 4.340E+00 1.414E-03 4.342E+00 2.533E+01 2.529E+01 
1.920E+02 4.296E+00 1.393E-03 4.298E+00 2.602E+01 2.598E+01 
1.950E+02 4.253E+00 1.373E-03 4.255E+00 2.672E+01 2.668E+01 
1.980E+02 4.212E+00 1.353E-03 4.213E+00 2.743E+01 2.739E+01 
2.010E+02 4.171E+00 1.334E-03 4.173E+00 2.815E+01 2.810E+01 
2.040E+02 4.132E+00 1.315E-03 4.133E+00 2.887E+01 2.883E+01 
2.070E+02 4.094E+00 1.297E-03 4.095E+00 2.960E+01 2.955E+01 
2.100E+02 4.057E+00 1.280E-03 4.058E+00 3.034E+01 3.029E+01 
2.130E+02 4.021E+00 1.262E-03 4.022E+00 3.108E+01 3.103E+01 
2.160E+02 3.986E+00 1.246E-03 3.987E+00 3.183E+01 3.178E+01 
2.190E+02 3.951E+00 1.229E-03 3.953E+00 3.258E+01 3.253E+01 
2.220E+02 3.918E+00 1.214E-03 3.919E+00 3.335E+01 3.329E+01 
2.250E+02 3.886E+00 1.198E-03 3.887E+00 3.411E+01 3.406E+01 
2.280E+02 3.854E+00 1.183E-03 3.855E+00 3.489E+01 3.484E+01 
2.310E+02 3.823E+00 1.169E-03 3.825E+00 3.567E+01 3.562E+01 
2.340E+02 3.793E+00 1.154E-03 3.795E+00 3.646E+01 3.640E+01 
2.370E+02 3.764E+00 1.141E-03 3.765E+00 3.725E+01 3.719E+01 
2.400E+02 3.736E+00 1.127E-03 3.737E+00 3.805E+01 3.799E+01 
2.430E+02 3.708E+00 1.114E-03 3.709E+00 3.886E+01 3.880E+01 
2.460E+02 3.681E+00 1.101E-03 3.682E+00 3.967E+01 3.961E+01 
2.490E+02 3.654E+00 1.088E-03 3.655E+00 4.049E+01 4.043E+01 